Webots Project File version R2023b
perspectives: 000000ff00000000fd0000000200000001000000770000027afc0200000001fb0000001400540065007800740045006400690074006f007201000000160000027a0000004100ffffff0000000300000600000000d3fc0100000001fb0000001a0043006f006e0073006f006c00650041006c006c0041006c006c0100000000000006000000006900ffffff000005870000027a00000001000000020000000100000008fc00000000
simulationViewPerspectives: 000000ff000000010000000200000100000003e20100000002010000000100
sceneTreePerspectives: 000000ff00000001000000030000001e000000c0000000fa0100000002010000000200
maximizedDockId: -1
centralWidgetVisible: 1
orthographicViewHeight: 1
textFiles: -1
consoles: Console:All:All
renderingDevicePerspectives: crazyflie:camera;0;0.975309;0;0
renderingDevicePerspectives: crazyflie:cf_camera;1;1.05333;0;0
