Webots Project File version R2023b
perspectives: 000000ff00000000fd000000020000000100000077000005bffc0200000001fb0000001400540065007800740045006400690074006f0072010000001e000005bf0000004600ffffff0000000300000f000000020afc0100000001fb0000001a0043006f006e0073006f006c00650041006c006c0041006c006c010000000000000f000000006900ffffff00000e87000005bf00000001000000020000000100000008fc00000000
simulationViewPerspectives: 000000ff0000000100000002000000fc000006090100000002010000000100
sceneTreePerspectives: 000000ff00000001000000030000001e000000c0000000fa0100000002010000000200
maximizedDockId: -1
centralWidgetVisible: 1
orthographicViewHeight: 1
textFiles: -1
consoles: Console:All:All
renderingDevicePerspectives: crazyflie:camera;0;0.799383;0;0
renderingDevicePerspectives: crazyflie:cf_camera;1;2.07667;0;0
